]633;E;for i in `seq 1000 400 20000`;09017bf2-9c14-412a-ab67-55ba51c2abec]633;C1000;1;1;1;1;1;1
1400;1;1;1;4;4;0
1800;1;1;1;6;7;0
2200;1;1;1;7;8;1
2600;1;1;1;13;11;0
3000;1;1;1;12;14;1
3400;1;1;1;19;17;1
3800;1;1;1;22;22;1
4200;1;1;1;26;40;0
4600;1;1;1;47;38;0
5000;1;1;1;53;44;0
5400;1;1;1;82;74;1
5800;1;1;1;62;67;1
6200;1;1;1;61;61;1
6600;1;1;1;173;74;1
7000;1;1;1;72;73;1
7400;1;1;1;87;86;1
7800;1;1;1;105;101;1
8200;1;1;1;111;137;1
8600;1;1;1;120;118;2
9000;1;1;1;132;145;1
9400;1;1;1;103;100;1
9800;1;1;1;114;146;1
10200;1;1;1;113;103;1
10600;1;1;1;98;103;1
11000;1;1;1;110;108;1
11400;1;1;1;105;108;1
11800;1;1;1;119;122;1
12200;1;1;1;137;127;1
12600;1;1;1;130;137;0
13000;1;1;1;176;162;1
13400;1;1;1;149;151;1
13800;1;1;1;217;295;2
14200;1;1;1;197;174;2
14600;1;1;1;336;526;5
15000;1;1;1;391;433;9
15400;1;1;1;452;463;3
15800;1;1;1;394;454;2
16200;1;1;1;439;459;4
16600;1;1;1;607;544;2
17000;1;1;1;585;494;3
17400;1;1;1;694;587;3
17800;1;1;1;568;572;3
18200;1;1;1;576;597;4
18600;1;1;1;676;755;3
19000;1;1;1;806;775;3
19400;1;1;1;723;698;3
19800;1;1;1;750;786;4
