]633;E;for i in `seq 1000 400 20000`;09017bf2-9c14-412a-ab67-55ba51c2abec]633;C1000;1;1;1;4;0;0
1400;1;1;1;6;0;0
1800;1;1;1;8;1;0
2200;1;1;1;12;0;0
2600;1;1;1;21;0;0
3000;1;1;1;23;0;1
3400;1;1;1;34;1;1
3800;1;1;1;34;1;0
4200;1;1;1;43;0;1
4600;1;1;1;50;0;1
5000;1;1;1;64;1;1
5400;1;1;1;73;0;1
5800;1;1;1;89;1;1
6200;1;1;1;96;0;2
6600;1;1;1;108;1;1
7000;1;1;1;128;2;2
7400;1;1;1;180;0;2
7800;1;1;1;160;1;2
8200;1;1;1;174;1;2
8600;1;1;1;188;1;1
9000;1;1;1;218;1;2
9400;1;1;1;241;1;2
9800;1;1;1;266;1;2
10200;1;1;1;300;1;2
10600;1;1;1;327;1;3
11000;1;1;1;344;2;3
11400;1;1;1;484;2;3
11800;1;1;1;382;2;2
12200;1;1;1;470;1;3
12600;1;1;1;487;2;2
13000;1;1;1;470;2;3
13400;1;1;1;677;1;3
13800;1;1;1;569;2;3
14200;1;1;1;651;2;3
14600;1;1;1;681;2;3
15000;1;1;1;754;2;3
15400;1;1;1;727;2;9
15800;1;1;1;912;2;3
16200;1;1;1;859;2;4
16600;1;1;1;642;1;2
17000;1;1;1;502;2;2
17400;1;1;1;510;2;2
17800;1;1;1;717;2;3
18200;1;1;1;877;1;3
18600;1;1;1;1176;2;9
19000;1;1;1;1274;2;8
19400;1;1;1;1362;3;5
19800;1;1;1;1409;3;5
