]633;E;for i in `seq 1000 400 20000`;09017bf2-9c14-412a-ab67-55ba51c2abec]633;C1000;1;1;1;3;2;0
1400;1;1;1;4;3;0
1800;1;1;1;8;3;1
2200;1;1;1;13;5;0
2600;1;1;1;16;8;0
3000;1;1;1;25;12;1
3400;1;1;1;29;12;0
3800;1;1;1;38;16;1
4200;1;1;1;49;19;0
4600;1;1;1;57;21;1
5000;1;1;1;64;27;1
5400;1;1;1;77;36;0
5800;1;1;1;84;45;2
6200;1;1;1;93;41;1
6600;1;1;1;114;46;2
7000;1;1;1;123;51;1
7400;1;1;1;151;55;1
7800;1;1;1;163;62;2
8200;1;1;1;173;97;2
8600;1;1;1;171;79;1
9000;1;1;1;137;58;1
9400;1;1;1;206;59;1
9800;1;1;1;168;68;1
10200;1;1;1;145;61;1
10600;1;1;1;165;67;1
11000;1;1;1;172;68;1
11400;1;1;1;163;67;1
11800;1;1;1;181;73;1
12200;1;1;1;198;89;2
12600;1;1;1;244;88;1
13000;1;1;1;219;90;1
13400;1;1;1;268;135;2
13800;1;1;1;347;108;1
14200;1;1;1;533;218;2
14600;1;1;1;650;272;3
15000;1;1;1;584;252;2
15400;1;1;1;692;322;4
15800;1;1;1;831;266;3
16200;1;1;1;789;411;3
16600;1;1;1;851;353;3
17000;1;1;1;960;397;4
17400;1;1;1;984;455;4
17800;1;1;1;1031;469;3
18200;1;1;1;1079;407;3
18600;1;1;1;1145;490;5
19000;1;1;1;1199;580;3
19400;1;1;1;1274;546;3
19800;1;1;1;1300;539;5
